image: map.pgm
resolution: 0.050000
# size: [4704, 5408]
origin: [-137.200000, -170.400000, 0.000000]
negate: 0
occupied_thresh: 0.65
free_thresh: 0.196

